# Input: comm_input.txt
# Nodes: 2574    Edges: 0
# Algoritm: Girvan-Newman
# Modularity: 0.904768
# Communities: 25
# NId	CommunityId
9	0
14	0
33	0
51	0
66	0
71	0
80	0
85	0
121	0
132	0
137	0
152	0
166	0
175	0
182	0
201	0
206	0
237	0
239	0
248	0
253	0
263	0
265	0
274	0
287	0
296	0
305	0
332	0
341	0
347	0
356	0
373	0
374	0
390	0
391	0
400	0
402	0
413	0
422	0
424	0
427	0
447	0
452	0
474	0
484	0
527	0
533	0
550	0
572	0
583	0
593	0
598	0
599	0
604	0
621	0
665	0
670	0
679	0
690	0
694	0
701	0
760	0
762	0
777	0
797	0
818	0
822	0
827	0
830	0
834	0
847	0
856	0
866	0
869	0
876	0
897	0
900	0
913	0
925	0
932	0
938	0
945	0
951	0
973	0
984	0
1006	0
1020	0
1021	0
1023	0
1024	0
1037	0
1040	0
1043	0
1047	0
1048	0
1056	0
1057	0
1062	0
1066	0
1096	0
1097	0
1109	0
1122	0
1128	0
1142	0
1158	0
1160	0
1163	0
1169	0
1194	0
1209	0
1215	0
1227	0
1228	0
1255	0
1260	0
1266	0
1267	0
1273	0
1280	0
1282	0
1290	0
1295	0
1330	0
1358	0
1362	0
1367	0
1382	0
1396	0
1400	0
1410	0
1426	0
1439	0
1447	0
1449	0
1452	0
1456	0
1469	0
1474	0
1488	0
1490	0
1496	0
1501	0
1509	0
1564	0
1569	0
1571	0
1576	0
1586	0
1588	0
1602	0
1611	0
1619	0
1625	0
1627	0
1630	0
1637	0
1647	0
1651	0
1666	0
1668	0
1672	0
1682	0
1687	0
1689	0
1691	0
1695	0
1696	0
1699	0
1708	0
1725	0
1732	0
1748	0
1750	0
1776	0
1780	0
1788	0
1792	0
1797	0
1799	0
1805	0
1806	0
1833	0
1836	0
1846	0
1858	0
1859	0
1884	0
1892	0
1899	0
1902	0
1916	0
1925	0
1928	0
1934	0
1937	0
1941	0
1963	0
1965	0
1966	0
1972	0
1984	0
1991	0
1993	0
1995	0
2000	0
2005	0
2011	0
2014	0
2028	0
2044	0
2051	0
2061	0
2062	0
2064	0
2076	0
2080	0
2084	0
2087	0
2091	0
2104	0
2108	0
2120	0
2131	0
2137	0
2145	0
2150	0
2157	0
2159	0
2164	0
2187	0
2213	0
2221	0
2260	0
2279	0
2284	0
2296	0
2298	0
2301	0
2311	0
2315	0
2332	0
2341	0
2358	0
2360	0
2363	0
2367	0
2374	0
2394	0
2396	0
2413	0
2417	0
2419	0
2422	0
2428	0
2439	0
2440	0
2444	0
2466	0
2467	0
2470	0
2475	0
2490	0
2492	0
2496	0
2499	0
2504	0
2509	0
2531	0
2537	0
2540	0
2542	0
2554	0
2558	0
2571	0
2573	0
6	1
16	1
21	1
31	1
32	1
39	1
57	1
64	1
82	1
106	1
112	1
123	1
141	1
143	1
159	1
162	1
165	1
172	1
185	1
213	1
235	1
243	1
256	1
258	1
264	1
278	1
293	1
307	1
314	1
320	1
322	1
327	1
331	1
382	1
388	1
405	1
406	1
420	1
438	1
465	1
468	1
469	1
475	1
486	1
501	1
511	1
518	1
523	1
535	1
537	1
541	1
559	1
568	1
591	1
595	1
601	1
602	1
605	1
607	1
613	1
619	1
622	1
623	1
639	1
659	1
663	1
675	1
677	1
685	1
687	1
691	1
708	1
712	1
723	1
735	1
742	1
755	1
763	1
765	1
781	1
786	1
792	1
800	1
806	1
807	1
816	1
817	1
843	1
848	1
849	1
864	1
872	1
874	1
877	1
881	1
894	1
898	1
904	1
907	1
931	1
937	1
941	1
948	1
950	1
958	1
970	1
985	1
989	1
1029	1
1051	1
1055	1
1058	1
1073	1
1079	1
1094	1
1119	1
1120	1
1121	1
1126	1
1162	1
1165	1
1190	1
1193	1
1204	1
1222	1
1224	1
1232	1
1239	1
1253	1
1254	1
1258	1
1261	1
1272	1
1306	1
1311	1
1322	1
1354	1
1360	1
1385	1
1394	1
1433	1
1436	1
1441	1
1448	1
1462	1
1463	1
1481	1
1492	1
1498	1
1499	1
1511	1
1517	1
1541	1
1542	1
1544	1
1547	1
1550	1
1559	1
1580	1
1593	1
1595	1
1604	1
1605	1
1622	1
1623	1
1628	1
1634	1
1636	1
1638	1
1660	1
1664	1
1667	1
1675	1
1676	1
1686	1
1688	1
1713	1
1728	1
1737	1
1746	1
1755	1
1758	1
1760	1
1771	1
1783	1
1803	1
1804	1
1821	1
1834	1
1835	1
1857	1
1872	1
1875	1
1886	1
1887	1
1907	1
1918	1
1922	1
1930	1
1931	1
1932	1
1933	1
1949	1
1955	1
1969	1
1976	1
1977	1
1978	1
1981	1
1985	1
2007	1
2016	1
2017	1
2027	1
2031	1
2033	1
2038	1
2041	1
2046	1
2073	1
2079	1
2086	1
2096	1
2098	1
2107	1
2110	1
2117	1
2123	1
2127	1
2130	1
2134	1
2141	1
2155	1
2158	1
2161	1
2167	1
2169	1
2170	1
2178	1
2197	1
2208	1
2212	1
2224	1
2225	1
2232	1
2248	1
2265	1
2281	1
2282	1
2289	1
2297	1
2308	1
2316	1
2361	1
2403	1
2412	1
2421	1
2423	1
2427	1
2433	1
2453	1
2472	1
2479	1
2480	1
2494	1
2495	1
2498	1
2514	1
2520	1
2530	1
2543	1
2560	1
2572	1
0	2
15	2
65	2
67	2
68	2
78	2
99	2
102	2
110	2
116	2
118	2
126	2
127	2
148	2
154	2
196	2
203	2
209	2
214	2
221	2
234	2
269	2
290	2
303	2
304	2
316	2
324	2
333	2
345	2
363	2
369	2
372	2
378	2
379	2
412	2
434	2
436	2
439	2
460	2
481	2
493	2
494	2
496	2
507	2
508	2
519	2
536	2
571	2
573	2
584	2
585	2
592	2
600	2
615	2
627	2
629	2
641	2
650	2
653	2
667	2
678	2
684	2
688	2
695	2
697	2
706	2
715	2
733	2
737	2
746	2
750	2
767	2
769	2
770	2
794	2
795	2
811	2
879	2
888	2
889	2
890	2
906	2
918	2
923	2
942	2
947	2
976	2
1019	2
1041	2
1042	2
1045	2
1060	2
1069	2
1070	2
1082	2
1092	2
1141	2
1149	2
1152	2
1153	2
1157	2
1175	2
1176	2
1187	2
1192	2
1202	2
1218	2
1242	2
1246	2
1264	2
1269	2
1274	2
1278	2
1296	2
1298	2
1300	2
1305	2
1314	2
1316	2
1317	2
1328	2
1334	2
1336	2
1348	2
1350	2
1359	2
1363	2
1368	2
1398	2
1414	2
1431	2
1485	2
1505	2
1508	2
1510	2
1516	2
1523	2
1546	2
1549	2
1556	2
1558	2
1584	2
1618	2
1643	2
1702	2
1711	2
1724	2
1740	2
1772	2
1778	2
1779	2
1790	2
1801	2
1811	2
1814	2
1816	2
1830	2
1832	2
1855	2
1878	2
1890	2
1893	2
1908	2
1912	2
1982	2
1992	2
2034	2
2043	2
2063	2
2071	2
2075	2
2099	2
2111	2
2168	2
2174	2
2181	2
2204	2
2209	2
2215	2
2227	2
2244	2
2277	2
2291	2
2304	2
2323	2
2342	2
2353	2
2357	2
2377	2
2401	2
2405	2
2410	2
2414	2
2416	2
2426	2
2430	2
2436	2
2442	2
2483	2
2487	2
2488	2
2497	2
2515	2
2529	2
2532	2
2550	2
2553	2
2557	2
2562	2
2	3
11	3
17	3
30	3
38	3
59	3
81	3
83	3
100	3
146	3
161	3
167	3
183	3
188	3
205	3
252	3
268	3
298	3
315	3
318	3
319	3
359	3
368	3
370	3
401	3
403	3
404	3
411	3
417	3
435	3
440	3
448	3
464	3
472	3
476	3
483	3
485	3
505	3
539	3
542	3
545	3
555	3
562	3
577	3
594	3
608	3
612	3
626	3
632	3
644	3
686	3
709	3
725	3
727	3
740	3
747	3
753	3
766	3
773	3
775	3
778	3
801	3
851	3
861	3
867	3
896	3
899	3
901	3
902	3
914	3
934	3
935	3
946	3
962	3
964	3
966	3
983	3
987	3
994	3
1002	3
1014	3
1015	3
1038	3
1046	3
1064	3
1088	3
1113	3
1124	3
1134	3
1167	3
1168	3
1173	3
1183	3
1199	3
1201	3
1205	3
1217	3
1221	3
1238	3
1243	3
1249	3
1250	3
1259	3
1279	3
1286	3
1301	3
1310	3
1313	3
1323	3
1327	3
1341	3
1352	3
1357	3
1365	3
1373	3
1393	3
1395	3
1412	3
1446	3
1461	3
1467	3
1471	3
1473	3
1482	3
1483	3
1519	3
1554	3
1557	3
1563	3
1565	3
1589	3
1603	3
1626	3
1640	3
1652	3
1654	3
1655	3
1656	3
1659	3
1683	3
1685	3
1694	3
1710	3
1715	3
1722	3
1739	3
1751	3
1768	3
1798	3
1800	3
1819	3
1838	3
1840	3
1841	3
1864	3
1888	3
1889	3
1894	3
1898	3
1903	3
1943	3
1946	3
1947	3
1979	3
1997	3
1998	3
2003	3
2019	3
2021	3
2070	3
2081	3
2088	3
2125	3
2151	3
2165	3
2198	3
2214	3
2219	3
2233	3
2241	3
2252	3
2255	3
2261	3
2270	3
2280	3
2290	3
2305	3
2309	3
2312	3
2314	3
2327	3
2329	3
2335	3
2362	3
2378	3
2385	3
2387	3
2424	3
2434	3
2446	3
2448	3
2501	3
2518	3
2519	3
2527	3
2533	3
2536	3
2547	3
10	4
13	4
18	4
26	4
35	4
75	4
129	4
139	4
149	4
157	4
169	4
173	4
180	4
186	4
228	4
231	4
251	4
262	4
275	4
280	4
297	4
321	4
330	4
364	4
371	4
386	4
398	4
410	4
415	4
421	4
433	4
450	4
457	4
461	4
471	4
477	4
487	4
488	4
490	4
497	4
517	4
531	4
547	4
548	4
551	4
554	4
556	4
579	4
587	4
596	4
618	4
633	4
649	4
654	4
656	4
672	4
676	4
700	4
744	4
745	4
779	4
785	4
805	4
815	4
820	4
831	4
833	4
836	4
853	4
859	4
895	4
928	4
929	4
953	4
960	4
963	4
981	4
986	4
1009	4
1039	4
1049	4
1053	4
1071	4
1103	4
1136	4
1155	4
1161	4
1170	4
1177	4
1189	4
1211	4
1213	4
1214	4
1219	4
1244	4
1257	4
1270	4
1275	4
1281	4
1288	4
1289	4
1297	4
1308	4
1320	4
1325	4
1339	4
1353	4
1356	4
1371	4
1376	4
1380	4
1389	4
1415	4
1429	4
1432	4
1434	4
1438	4
1450	4
1451	4
1453	4
1470	4
1489	4
1491	4
1502	4
1533	4
1538	4
1543	4
1587	4
1598	4
1616	4
1632	4
1633	4
1658	4
1662	4
1709	4
1719	4
1726	4
1730	4
1733	4
1736	4
1741	4
1752	4
1753	4
1756	4
1767	4
1784	4
1791	4
1820	4
1839	4
1843	4
1861	4
1882	4
1883	4
1891	4
1905	4
1909	4
1910	4
1914	4
1921	4
1942	4
1953	4
1962	4
1968	4
1974	4
2009	4
2012	4
2024	4
2032	4
2036	4
2055	4
2065	4
2118	4
2128	4
2144	4
2146	4
2166	4
2188	4
2189	4
2191	4
2222	4
2223	4
2237	4
2264	4
2306	4
2336	4
2340	4
2383	4
2384	4
2391	4
2393	4
2409	4
2415	4
2420	4
2443	4
2447	4
2481	4
8	5
28	5
40	5
46	5
54	5
58	5
60	5
119	5
135	5
140	5
147	5
187	5
218	5
270	5
279	5
309	5
312	5
313	5
326	5
338	5
358	5
365	5
395	5
396	5
408	5
445	5
470	5
489	5
500	5
506	5
520	5
521	5
524	5
564	5
580	5
597	5
603	5
636	5
673	5
680	5
703	5
710	5
731	5
748	5
758	5
784	5
790	5
803	5
808	5
810	5
824	5
841	5
882	5
886	5
905	5
909	5
921	5
955	5
957	5
965	5
969	5
1013	5
1017	5
1044	5
1076	5
1100	5
1118	5
1139	5
1178	5
1206	5
1223	5
1252	5
1321	5
1370	5
1372	5
1386	5
1388	5
1407	5
1411	5
1419	5
1435	5
1437	5
1443	5
1455	5
1458	5
1466	5
1468	5
1475	5
1493	5
1520	5
1521	5
1536	5
1581	5
1591	5
1600	5
1608	5
1617	5
1641	5
1657	5
1665	5
1674	5
1677	5
1684	5
1704	5
1707	5
1729	5
1731	5
1743	5
1745	5
1770	5
1773	5
1787	5
1789	5
1793	5
1808	5
1879	5
1895	5
1938	5
1940	5
1958	5
1971	5
1983	5
2035	5
2058	5
2072	5
2100	5
2115	5
2147	5
2152	5
2190	5
2217	5
2231	5
2250	5
2258	5
2262	5
2266	5
2267	5
2274	5
2321	5
2322	5
2355	5
2388	5
2435	5
2461	5
2469	5
2508	5
2510	5
2541	5
2564	5
2566	5
27	6
76	6
87	6
115	6
117	6
124	6
138	6
168	6
170	6
191	6
195	6
200	6
222	6
223	6
247	6
255	6
260	6
267	6
295	6
337	6
340	6
348	6
375	6
392	6
399	6
437	6
443	6
459	6
492	6
513	6
515	6
516	6
538	6
553	6
557	6
569	6
570	6
576	6
578	6
609	6
664	6
674	6
683	6
705	6
720	6
721	6
728	6
736	6
752	6
772	6
774	6
780	6
782	6
799	6
814	6
825	6
826	6
844	6
903	6
926	6
939	6
954	6
967	6
977	6
978	6
991	6
996	6
1089	6
1099	6
1117	6
1125	6
1127	6
1145	6
1147	6
1156	6
1196	6
1208	6
1237	6
1319	6
1331	6
1340	6
1342	6
1378	6
1409	6
1460	6
1487	6
1507	6
1512	6
1552	6
1570	6
1583	6
1585	6
1590	6
1610	6
1661	6
1670	6
1673	6
1679	6
1681	6
1701	6
1703	6
1734	6
1761	6
1777	6
1809	6
1827	6
1856	6
1871	6
1896	6
1913	6
1924	6
1952	6
1994	6
2060	6
2083	6
2142	6
2153	6
2179	6
2202	6
2249	6
2253	6
2278	6
2328	6
2330	6
2343	6
2349	6
2351	6
2370	6
2376	6
2379	6
2390	6
2449	6
2473	6
2500	6
2534	6
2535	6
2561	6
4	7
22	7
25	7
41	7
52	7
56	7
70	7
73	7
84	7
114	7
134	7
142	7
179	7
184	7
207	7
211	7
224	7
226	7
259	7
261	7
273	7
281	7
355	7
453	7
462	7
502	7
540	7
561	7
630	7
635	7
655	7
657	7
660	7
669	7
718	7
729	7
738	7
757	7
783	7
829	7
863	7
875	7
933	7
940	7
999	7
1030	7
1054	7
1061	7
1068	7
1106	7
1111	7
1129	7
1179	7
1182	7
1245	7
1332	7
1344	7
1347	7
1349	7
1423	7
1424	7
1430	7
1465	7
1478	7
1479	7
1504	7
1506	7
1545	7
1568	7
1577	7
1606	7
1624	7
1631	7
1646	7
1716	7
1720	7
1765	7
1812	7
1868	7
1929	7
1944	7
1988	7
1989	7
2018	7
2020	7
2022	7
2025	7
2029	7
2049	7
2052	7
2078	7
2090	7
2101	7
2105	7
2112	7
2113	7
2114	7
2129	7
2132	7
2210	7
2235	7
2251	7
2263	7
2271	7
2283	7
2286	7
2288	7
2292	7
2300	7
2352	7
2356	7
2411	7
2476	7
2484	7
2486	7
2493	7
2506	7
2522	7
2525	7
2539	7
2545	7
2546	7
2551	7
1	8
53	8
63	8
94	8
109	8
125	8
151	8
192	8
210	8
271	8
292	8
308	8
360	8
384	8
416	8
429	8
430	8
441	8
467	8
495	8
544	8
567	8
652	8
666	8
739	8
741	8
823	8
840	8
855	8
862	8
865	8
873	8
936	8
974	8
982	8
992	8
1018	8
1025	8
1065	8
1077	8
1087	8
1090	8
1102	8
1184	8
1231	8
1268	8
1271	8
1284	8
1299	8
1338	8
1366	8
1384	8
1402	8
1425	8
1459	8
1484	8
1500	8
1524	8
1526	8
1534	8
1539	8
1551	8
1555	8
1572	8
1597	8
1644	8
1648	8
1698	8
1723	8
1744	8
1782	8
1795	8
1796	8
1810	8
1845	8
1852	8
1961	8
1996	8
2069	8
2093	8
2095	8
2149	8
2160	8
2180	8
2182	8
2192	8
2194	8
2201	8
2203	8
2207	8
2216	8
2236	8
2240	8
2269	8
2302	8
2310	8
2368	8
2372	8
2400	8
2511	8
2516	8
2570	8
24	9
97	9
107	9
113	9
145	9
177	9
242	9
244	9
246	9
285	9
329	9
334	9
351	9
383	9
454	9
478	9
617	9
634	9
640	9
647	9
651	9
658	9
719	9
768	9
788	9
854	9
857	9
871	9
922	9
990	9
995	9
1007	9
1131	9
1140	9
1144	9
1172	9
1181	9
1185	9
1191	9
1226	9
1236	9
1263	9
1287	9
1291	9
1294	9
1303	9
1318	9
1375	9
1381	9
1391	9
1399	9
1403	9
1442	9
1477	9
1497	9
1566	9
1579	9
1609	9
1613	9
1693	9
1721	9
1764	9
1807	9
1815	9
1860	9
1863	9
1869	9
1900	9
1948	9
1960	9
1986	9
2004	9
2042	9
2092	9
2119	9
2148	9
2177	9
2186	9
2344	9
2346	9
2365	9
2402	9
2404	9
2407	9
2438	9
2465	9
2485	9
2489	9
2491	9
2524	9
2568	9
20	10
23	10
34	10
44	10
49	10
90	10
91	10
120	10
153	10
155	10
190	10
215	10
219	10
241	10
328	10
335	10
366	10
380	10
387	10
426	10
449	10
491	10
504	10
526	10
529	10
546	10
581	10
606	10
624	10
643	10
661	10
662	10
702	10
707	10
754	10
813	10
868	10
878	10
916	10
920	10
1032	10
1036	10
1150	10
1212	10
1241	10
1309	10
1401	10
1428	10
1440	10
1445	10
1457	10
1480	10
1513	10
1514	10
1548	10
1561	10
1573	10
1574	10
1578	10
1642	10
1678	10
1690	10
1705	10
1742	10
1747	10
1766	10
1837	10
1870	10
1874	10
1906	10
1967	10
2013	10
2026	10
2059	10
2067	10
2085	10
2106	10
2116	10
2126	10
2133	10
2173	10
2220	10
2299	10
2350	10
2395	10
2432	10
2456	10
2459	10
2460	10
2477	10
2559	10
5	11
62	11
101	11
103	11
105	11
111	11
174	11
181	11
227	11
233	11
245	11
310	11
377	11
389	11
479	11
514	11
528	11
582	11
590	11
645	11
704	11
714	11
821	11
828	11
835	11
837	11
842	11
887	11
917	11
1050	11
1072	11
1180	11
1186	11
1188	11
1197	11
1207	11
1216	11
1277	11
1326	11
1374	11
1503	11
1529	11
1562	11
1614	11
1649	11
1692	11
1697	11
1714	11
1817	11
1826	11
1831	11
1849	11
1876	11
1901	11
1945	11
1957	11
1975	11
1990	11
2030	11
2074	11
2124	11
2143	11
2175	11
2184	11
2199	11
2205	11
2226	11
2273	11
2287	11
2294	11
2295	11
2313	11
2339	11
2348	11
2380	11
2381	11
2429	11
2431	11
2437	11
2441	11
2454	11
2462	11
2548	11
7	12
29	12
55	12
72	12
92	12
133	12
199	12
216	12
225	12
323	12
349	12
361	12
393	12
419	12
425	12
432	12
451	12
463	12
503	12
563	12
616	12
648	12
668	12
711	12
713	12
732	12
809	12
839	12
860	12
919	12
971	12
998	12
1001	12
1012	12
1027	12
1033	12
1093	12
1098	12
1105	12
1112	12
1133	12
1164	12
1210	12
1240	12
1262	12
1292	12
1307	12
1346	12
1387	12
1405	12
1418	12
1421	12
1494	12
1495	12
1525	12
1532	12
1553	12
1596	12
1669	12
1757	12
1759	12
1785	12
1854	12
1867	12
1885	12
2006	12
2023	12
2109	12
2171	12
2183	12
2234	12
2272	12
2318	12
2359	12
2373	12
2375	12
2458	12
2513	12
2523	12
2556	12
12	13
36	13
89	13
160	13
176	13
232	13
249	13
250	13
283	13
317	13
357	13
423	13
444	13
458	13
466	13
480	13
482	13
499	13
525	13
558	13
588	13
614	13
682	13
693	13
716	13
726	13
743	13
756	13
912	13
924	13
930	13
943	13
959	13
993	13
1000	13
1011	13
1016	13
1084	13
1138	13
1143	13
1159	13
1234	13
1247	13
1315	13
1329	13
1364	13
1417	13
1422	13
1464	13
1540	13
1601	13
1645	13
1653	13
1754	13
1851	13
1865	13
1880	13
1897	13
1950	13
1973	13
2010	13
2057	13
2082	13
2097	13
2122	13
2140	13
2154	13
2246	13
2445	13
2502	13
2517	13
2528	13
2565	13
61	14
98	14
150	14
158	14
197	14
198	14
236	14
272	14
342	14
455	14
509	14
522	14
532	14
565	14
575	14
771	14
776	14
880	14
893	14
910	14
944	14
968	14
988	14
1004	14
1028	14
1085	14
1135	14
1233	14
1235	14
1324	14
1379	14
1527	14
1560	14
1582	14
1615	14
1620	14
1717	14
1727	14
1735	14
1818	14
1824	14
1848	14
1881	14
1911	14
2008	14
2015	14
2047	14
2068	14
2094	14
2121	14
2156	14
2162	14
2185	14
2193	14
2230	14
2238	14
2239	14
2257	14
2317	14
2325	14
2326	14
2345	14
2386	14
2389	14
2452	14
2468	14
2503	14
2507	14
37	15
48	15
79	15
96	15
194	15
204	15
230	15
311	15
354	15
381	15
456	15
574	15
628	15
638	15
724	15
749	15
812	15
852	15
884	15
1010	15
1031	15
1063	15
1081	15
1086	15
1146	15
1148	15
1174	15
1198	15
1251	15
1256	15
1333	15
1413	15
1575	15
1594	15
1749	15
1781	15
1823	15
1842	15
1853	15
1877	15
1915	15
1939	15
1951	15
1964	15
1970	15
1980	15
1987	15
2040	15
2045	15
2102	15
2139	15
2176	15
2228	15
2229	15
2254	15
2256	15
2259	15
2293	15
2307	15
2320	15
2334	15
2364	15
2474	15
2482	15
2549	15
2567	15
50	16
77	16
122	16
163	16
212	16
257	16
288	16
289	16
294	16
299	16
344	16
352	16
385	16
534	16
543	16
552	16
625	16
637	16
646	16
671	16
699	16
717	16
764	16
845	16
846	16
850	16
956	16
1034	16
1035	16
1075	16
1104	16
1110	16
1114	16
1115	16
1132	16
1200	16
1230	16
1248	16
1304	16
1345	16
1361	16
1397	16
1444	16
1621	16
1635	16
1762	16
1775	16
1844	16
1862	16
1873	16
1904	16
1919	16
1920	16
1923	16
1926	16
2048	16
2245	16
2285	16
2331	16
2354	16
2366	16
2371	16
2382	16
2418	16
2451	16
3	17
45	17
47	17
144	17
156	17
164	17
189	17
240	17
254	17
266	17
286	17
336	17
339	17
346	17
367	17
418	17
428	17
431	17
560	17
586	17
642	17
681	17
698	17
722	17
759	17
885	17
892	17
1005	17
1026	17
1052	17
1130	17
1154	17
1285	17
1302	17
1383	17
1472	17
1476	17
1518	17
1528	17
1531	17
1592	17
1629	17
1639	17
1680	17
1712	17
1774	17
1802	17
1825	17
1828	17
1829	17
1847	17
1850	17
2138	17
2218	17
2319	17
2324	17
2455	17
2478	17
2544	17
69	18
74	18
108	18
136	18
220	18
229	18
277	18
301	18
302	18
446	18
512	18
549	18
611	18
620	18
631	18
692	18
734	18
751	18
789	18
791	18
838	18
908	18
949	18
961	18
1137	18
1203	18
1220	18
1337	18
1351	18
1369	18
1406	18
1416	18
1427	18
1515	18
1522	18
1535	18
1671	18
1706	18
1954	18
2001	18
2077	18
2135	18
2172	18
2211	18
2247	18
2268	18
2275	18
2397	18
19	19
93	19
130	19
178	19
217	19
238	19
276	19
282	19
300	19
306	19
362	19
473	19
566	19
610	19
796	19
858	19
915	19
979	19
1003	19
1108	19
1116	19
1312	19
1355	19
1377	19
1454	19
1530	19
1763	19
1866	19
1936	19
2002	19
2039	19
2066	19
2196	19
2243	19
2333	19
2338	19
2425	19
2464	19
2505	19
2555	19
95	20
208	20
397	20
530	20
696	20
787	20
798	20
975	20
1123	20
1171	20
1229	20
1265	20
1276	20
1335	20
1404	20
1420	20
1567	20
1650	20
1769	20
1917	20
1927	20
1956	20
1999	20
2050	20
2053	20
2054	20
2200	20
2206	20
2276	20
2303	20
2337	20
2369	20
2463	20
2471	20
2512	20
42	21
43	21
86	21
104	21
171	21
343	21
409	21
414	21
689	21
730	21
793	21
819	21
832	21
927	21
952	21
980	21
1067	21
1083	21
1091	21
1283	21
1537	21
1599	21
1663	21
1718	21
1786	21
1794	21
1813	21
1935	21
1959	21
2056	21
2089	21
2242	21
2457	21
2552	21
2563	21
88	22
131	22
291	22
325	22
376	22
407	22
442	22
510	22
870	22
883	22
997	22
1059	22
1101	22
1107	22
1166	22
1225	22
1293	22
1343	22
1392	22
1408	22
1486	22
1607	22
1822	22
2103	22
2136	22
2195	22
2347	22
2392	22
2398	22
2406	22
2450	22
2569	22
128	23
202	23
284	23
350	23
394	23
589	23
761	23
802	23
804	23
891	23
972	23
1008	23
1022	23
1074	23
1078	23
1080	23
1195	23
1612	23
1700	23
1738	23
2037	23
2399	23
2521	23
193	24
353	24
498	24
911	24
1095	24
1151	24
1390	24
2163	24
2408	24
2526	24
2538	24
