# Input: comm_input.txt
# Nodes: 1479    Edges: 0
# Algoritm: Girvan-Newman
# Modularity: 0.915227
# Communities: 35
# NId	CommunityId
7	0
87	0
151	0
161	0
196	0
251	0
257	0
338	0
366	0
415	0
448	0
498	0
534	0
563	0
591	0
597	0
602	0
608	0
622	0
669	0
670	0
673	0
675	0
779	0
817	0
876	0
877	0
900	0
904	0
974	0
1016	0
1067	0
1071	0
1096	0
1103	0
1125	0
1128	0
1161	0
1186	0
1203	0
1211	0
1212	0
1214	0
1240	0
1243	0
1255	0
1256	0
1350	0
1369	0
1381	0
1403	0
1406	0
1432	0
1442	0
1451	0
1455	0
1461	0
1467	0
1493	0
1499	0
1508	0
1551	0
1671	0
1681	0
1696	0
1714	0
1724	0
1741	0
1751	0
1859	0
1861	0
1904	0
1907	0
1915	0
1937	0
1942	0
1958	0
1961	0
1986	0
1989	0
2001	0
2008	0
2019	0
2020	0
2022	0
2030	0
2032	0
2035	0
2059	0
2206	0
2248	0
2265	0
2279	0
2282	0
2296	0
2303	0
2318	0
2334	0
2339	0
2349	0
2488	0
2502	0
2504	0
2509	0
2538	0
2590	0
2690	0
2692	0
2713	0
2722	0
2735	0
2762	0
2790	0
2806	0
2841	0
2848	0
2860	0
2885	0
2967	0
3008	0
3047	0
3048	0
3078	0
3133	0
3137	0
3170	0
3182	0
3222	0
3240	0
3265	0
3293	0
3361	0
3372	0
3401	0
3437	0
3445	0
3477	0
3550	0
3598	0
3599	0
3617	0
3672	0
3692	0
3742	0
3759	0
3772	0
3793	0
3802	0
3817	0
3872	0
3901	0
3904	0
3908	0
3938	0
3981	0
3988	0
3992	0
11	1
42	1
105	1
198	1
205	1
234	1
269	1
271	1
275	1
278	1
301	1
371	1
381	1
434	1
443	1
490	1
503	1
562	1
573	1
699	1
816	1
915	1
930	1
1013	1
1039	1
1065	1
1126	1
1136	1
1227	1
1466	1
1530	1
1535	1
1543	1
1553	1
1573	1
1591	1
1600	1
1623	1
1690	1
1748	1
1795	1
1830	1
1834	1
1877	1
1922	1
1935	1
2000	1
2043	1
2054	1
2070	1
2174	1
2301	1
2370	1
2395	1
2401	1
2456	1
2478	1
2505	1
2567	1
2589	1
2607	1
2637	1
2662	1
2684	1
2714	1
2755	1
2803	1
2817	1
2826	1
2882	1
2897	1
2932	1
2969	1
2972	1
2998	1
3020	1
3039	1
3045	1
3083	1
3088	1
3125	1
3186	1
3352	1
3371	1
3395	1
3425	1
3466	1
3484	1
3593	1
3602	1
3628	1
3691	1
3693	1
3730	1
3832	1
3855	1
3856	1
3864	1
3879	1
3896	1
3957	1
3994	1
34	2
62	2
80	2
119	2
124	2
169	2
187	2
258	2
328	2
334	2
359	2
392	2
508	2
509	2
561	2
620	2
627	2
710	2
720	2
724	2
828	2
844	2
846	2
849	2
856	2
869	2
982	2
1027	2
1166	2
1195	2
1232	2
1252	2
1290	2
1317	2
1335	2
1366	2
1370	2
1400	2
1401	2
1421	2
1486	2
1491	2
1495	2
1560	2
1589	2
1662	2
1667	2
1680	2
1802	2
1857	2
1949	2
1960	2
2017	2
2088	2
2186	2
2254	2
2328	2
2386	2
2390	2
2427	2
2445	2
2493	2
2522	2
2523	2
2550	2
2557	2
2573	2
2695	2
2719	2
2725	2
2791	2
2843	2
2853	2
2876	2
2889	2
2924	2
2927	2
2999	2
3038	2
3099	2
3169	2
3220	2
3370	2
3643	2
3648	2
3711	2
3719	2
3724	2
3758	2
3827	2
3911	2
3920	2
3983	2
52	3
77	3
155	3
166	3
206	3
330	3
377	3
384	3
412	3
465	3
483	3
587	3
594	3
642	3
655	3
696	3
772	3
802	3
803	3
931	3
958	3
960	3
1014	3
1021	3
1031	3
1064	3
1130	3
1185	3
1234	3
1235	3
1253	3
1280	3
1332	3
1337	3
1454	3
1462	3
1542	3
1552	3
1563	3
1608	3
1620	3
1655	3
1704	3
1710	3
1735	3
1883	3
1889	3
1913	3
1923	3
1956	3
2046	3
2051	3
2062	3
2086	3
2115	3
2141	3
2170	3
2183	3
2391	3
2529	3
2578	3
2675	3
2720	3
2799	3
2822	3
2873	3
2905	3
2911	3
2941	3
2950	3
3015	3
3103	3
3116	3
3227	3
3243	3
3257	3
3280	3
3299	3
3305	3
3367	3
3413	3
3509	3
3515	3
3716	3
3721	3
3727	3
3811	3
3822	3
3906	3
3950	3
3979	3
61	4
64	4
146	4
268	4
339	4
352	4
463	4
599	4
654	4
741	4
787	4
840	4
853	4
864	4
879	4
914	4
1040	4
1043	4
1047	4
1050	4
1080	4
1091	4
1100	4
1102	4
1116	4
1168	4
1263	4
1289	4
1308	4
1394	4
1428	4
1444	4
1529	4
1532	4
1544	4
1638	4
1702	4
1773	4
1821	4
1836	4
1843	4
1871	4
1884	4
1920	4
1926	4
1943	4
2036	4
2055	4
2142	4
2149	4
2164	4
2212	4
2218	4
2240	4
2424	4
2524	4
2778	4
2865	4
2942	4
2963	4
3064	4
3068	4
3104	4
3106	4
3124	4
3161	4
3287	4
3383	4
3387	4
3467	4
3490	4
3502	4
3535	4
3558	4
3613	4
3626	4
3678	4
3708	4
3809	4
3833	4
3866	4
3945	4
3989	4
25	5
60	5
167	5
216	5
227	5
255	5
286	5
314	5
369	5
453	5
457	5
472	5
570	5
576	5
648	5
739	5
799	5
954	5
1022	5
1121	5
1133	5
1163	5
1209	5
1217	5
1327	5
1373	5
1431	5
1510	5
1514	5
1518	5
1683	5
1731	5
1833	5
2037	5
2175	5
2203	5
2237	5
2278	5
2337	5
2440	5
2467	5
2470	5
2584	5
2596	5
2626	5
2653	5
2657	5
2742	5
2747	5
2808	5
2906	5
2912	5
2978	5
3025	5
3075	5
3100	5
3119	5
3196	5
3201	5
3275	5
3330	5
3347	5
3363	5
3433	5
3516	5
3606	5
3629	5
3745	5
3841	5
3946	5
3993	5
4000	5
28	6
40	6
81	6
149	6
208	6
264	6
318	6
401	6
506	6
507	6
517	6
603	6
684	6
767	6
824	6
866	6
884	6
908	6
916	6
1017	6
1146	6
1176	6
1189	6
1236	6
1336	6
1411	6
1413	6
1458	6
1468	6
1471	6
1575	6
1621	6
1633	6
1682	6
1749	6
1753	6
1845	6
1850	6
1879	6
1929	6
1969	6
2002	6
2050	6
2196	6
2222	6
2484	6
2669	6
2760	6
2764	6
2781	6
2827	6
2894	6
3006	6
3012	6
3077	6
3178	6
3192	6
3278	6
3418	6
3451	6
3461	6
3507	6
3565	6
3584	6
3585	6
3610	6
3637	6
3662	6
3732	6
3900	6
99	7
156	7
180	7
210	7
344	7
456	7
606	7
718	7
728	7
762	7
836	7
837	7
953	7
956	7
1023	7
1025	7
1104	7
1111	7
1143	7
1170	7
1179	7
1251	7
1304	7
1322	7
1361	7
1424	7
1492	7
1570	7
1679	7
1729	7
1799	7
1918	7
2025	7
2087	7
2182	7
2191	7
2317	7
2345	7
2453	7
2559	7
2562	7
2663	7
2792	7
2797	7
2896	7
2899	7
2940	7
3056	7
3071	7
3167	7
3188	7
3252	7
3264	7
3268	7
3272	7
3317	7
3341	7
3348	7
3519	7
3571	7
3625	7
3661	7
3867	7
3887	7
3899	7
3933	7
3937	7
3970	7
54	8
209	8
327	8
394	8
540	8
550	8
605	8
619	8
630	8
683	8
891	8
1009	8
1084	8
1199	8
1302	8
1306	8
1354	8
1359	8
1479	8
1483	8
1503	8
1561	8
1668	8
1737	8
1787	8
1803	8
1837	8
1882	8
1919	8
2009	8
2077	8
2079	8
2113	8
2381	8
2388	8
2450	8
2471	8
2577	8
2582	8
2681	8
2705	8
2874	8
3032	8
3053	8
3091	8
3150	8
3217	8
3270	8
3335	8
3434	8
3435	8
3446	8
3456	8
3492	8
3536	8
3544	8
3587	8
3685	8
3880	8
59	9
113	9
160	9
165	9
241	9
282	9
322	9
464	9
473	9
533	9
701	9
709	9
878	9
1059	9
1242	9
1318	9
1323	9
1410	9
1768	9
1829	9
1862	9
1944	9
1965	9
2089	9
2207	9
2429	9
2479	9
2526	9
2539	9
2612	9
2678	9
2759	9
2788	9
2846	9
2866	9
2908	9
2923	9
2952	9
3003	9
3028	9
3092	9
3231	9
3288	9
3331	9
3374	9
3397	9
3421	9
3459	9
3532	9
3675	9
3681	9
3700	9
3794	9
3868	9
3941	9
3942	9
3954	9
58	10
91	10
143	10
173	10
279	10
342	10
355	10
385	10
460	10
547	10
874	10
923	10
957	10
1005	10
1072	10
1152	10
1291	10
1347	10
1414	10
1672	10
1688	10
1713	10
1750	10
1819	10
1903	10
1914	10
2003	10
2006	10
2105	10
2157	10
2229	10
2277	10
2307	10
2501	10
2688	10
2770	10
2796	10
2847	10
2904	10
3054	10
3057	10
3073	10
3148	10
3258	10
3557	10
3569	10
3615	10
3674	10
3705	10
3718	10
3746	10
3902	10
3931	10
3986	10
106	11
162	11
217	11
230	11
248	11
568	11
634	11
753	11
813	11
847	11
852	11
883	11
1266	11
1268	11
1310	11
1382	11
1476	11
1708	11
1893	11
1910	11
1931	11
1946	11
2039	11
2071	11
2167	11
2227	11
2242	11
2287	11
2454	11
2474	11
2477	11
2604	11
2925	11
2943	11
2997	11
3063	11
3130	11
3144	11
3159	11
3234	11
3460	11
3482	11
3504	11
3567	11
3578	11
3620	11
3767	11
3824	11
3843	11
3889	11
66	12
197	12
202	12
233	12
246	12
346	12
466	12
467	12
525	12
554	12
640	12
674	12
721	12
735	12
820	12
985	12
995	12
998	12
1127	12
1527	12
1611	12
1809	12
1873	12
1987	12
1996	12
1997	12
2180	12
2365	12
2389	12
2442	12
2528	12
2541	12
2555	12
2654	12
2813	12
2816	12
3143	12
3162	12
3175	12
3199	12
3205	12
3350	12
3582	12
3682	12
3823	12
3991	12
3995	12
2	13
17	13
186	13
249	13
253	13
263	13
424	13
585	13
691	13
997	13
1068	13
1140	13
1269	13
1281	13
1296	13
1485	13
1699	13
1743	13
1804	13
2110	13
2172	13
2284	13
2560	13
2592	13
2646	13
2660	13
2668	13
2706	13
2730	13
2775	13
2785	13
3160	13
3206	13
3365	13
3386	13
3475	13
3520	13
3635	13
3636	13
3783	13
3862	13
3869	13
3967	13
39	14
53	14
76	14
201	14
214	14
229	14
389	14
516	14
549	14
558	14
611	14
715	14
860	14
1237	14
1284	14
1415	14
1511	14
1555	14
1725	14
1780	14
1856	14
2013	14
2410	14
2508	14
2531	14
2570	14
2621	14
2682	14
2696	14
2768	14
2810	14
3050	14
3255	14
3266	14
3498	14
3795	14
3947	14
3960	14
3968	14
368	15
402	15
421	15
577	15
598	15
652	15
970	15
1162	15
1178	15
1187	15
1320	15
1384	15
1412	15
1446	15
1569	15
1703	15
2029	15
2076	15
2311	15
2431	15
2463	15
2608	15
2633	15
2772	15
2811	15
2970	15
3044	15
3210	15
3326	15
3408	15
3514	15
3523	15
3564	15
3603	15
3634	15
3799	15
3959	15
43	16
92	16
310	16
459	16
553	16
616	16
769	16
790	16
827	16
859	16
937	16
1061	16
1099	16
1206	16
1298	16
1345	16
1541	16
1599	16
1685	16
1848	16
1899	16
1906	16
2197	16
2263	16
2392	16
2481	16
2611	16
2623	16
2815	16
2965	16
3376	16
3455	16
3673	16
3696	16
3804	16
3944	16
22	17
88	17
223	17
458	17
768	17
924	17
983	17
1246	17
1264	17
1275	17
1321	17
1326	17
1422	17
1470	17
1528	17
1578	17
1598	17
1624	17
2099	17
2103	17
2245	17
2246	17
2460	17
2544	17
2650	17
2652	17
2782	17
3261	17
3289	17
3521	17
3560	17
3561	17
3631	17
3668	17
3969	17
100	18
138	18
200	18
281	18
296	18
363	18
372	18
791	18
809	18
839	18
1066	18
1407	18
1509	18
1617	18
1755	18
1984	18
2109	18
2215	18
2335	18
2473	18
2486	18
2717	18
2743	18
2818	18
2917	18
3513	18
3607	18
3677	18
3689	18
3826	18
71	19
153	19
177	19
362	19
794	19
888	19
1054	19
1238	19
1265	19
1273	19
1352	19
1416	19
1627	19
1730	19
1962	19
1974	19
2168	19
2247	19
2362	19
2387	19
2408	19
2821	19
2839	19
2862	19
3136	19
3263	19
3409	19
3528	19
3574	19
3658	19
353	20
367	20
420	20
439	20
494	20
692	20
807	20
961	20
975	20
1156	20
1220	20
1647	20
1661	20
1851	20
2080	20
2228	20
2260	20
2306	20
2380	20
2670	20
2679	20
2842	20
3005	20
3464	20
3529	20
3785	20
3830	20
79	21
152	21
265	21
396	21
719	21
1123	21
1244	21
1248	21
1445	21
1494	21
1602	21
1865	21
1928	21
2117	21
2216	21
2346	21
2422	21
2643	21
2712	21
2850	21
3080	21
3168	21
3510	21
3699	21
3709	21
3943	21
20	22
56	22
127	22
144	22
298	22
519	22
618	22
631	22
653	22
659	22
795	22
835	22
843	22
1093	22
1498	22
1715	22
1796	22
1938	22
2232	22
2802	22
3114	22
3346	22
3463	22
3474	22
3858	22
3984	22
93	23
382	23
658	23
677	23
703	23
917	23
1254	23
1379	23
1522	23
2313	23
2366	23
2472	23
2601	23
2723	23
2786	23
3373	23
3389	23
3659	23
3665	23
3760	23
3834	23
23	24
1144	24
1262	24
1437	24
1605	24
1972	24
2018	24
2131	24
2195	24
2574	24
2767	24
2773	24
3325	24
3368	24
3422	24
3495	24
3583	24
3655	24
3819	24
3842	24
3859	24
766	25
1272	25
1572	25
1615	25
1825	25
1869	25
2144	25
2329	25
2338	25
2342	25
2647	25
2700	25
2895	25
2958	25
3211	25
3399	25
3549	25
3714	25
3871	25
615	26
1154	26
1378	26
1576	26
1639	26
1742	26
1826	26
2487	26
2685	26
2729	26
2787	26
2915	26
3316	26
3391	26
3406	26
3527	26
3646	26
3734	26
3974	26
485	27
774	27
858	27
1052	27
1367	27
1635	27
1643	27
2095	27
2310	27
2372	27
2418	27
2543	27
2624	27
2739	27
2867	27
3276	27
3309	27
3358	27
3873	27
422	28
526	28
682	28
1055	28
1392	28
1436	28
2106	28
2139	28
2926	28
3019	28
3250	28
3381	28
3596	28
3604	28
3627	28
413	29
833	29
1049	29
1274	29
1346	29
1663	29
1936	29
3649	29
3749	29
487	30
1487	30
2566	30
3052	30
3157	30
3213	30
3334	30
3667	30
693	31
745	31
1038	31
1198	31
1365	31
2069	31
3964	31
1132	32
1329	32
1828	32
2609	32
3147	32
2208	33
3562	33
130	34
2147	34
