1 0
2 0
3 0
4 0
5 0
6 0
7 0
8 0
9 0
10 0
11 0
12 0
13 0
14 0
15 0
16 0
17 0
18 0
19 0
20 0
21 0
22 0
23 0
24 0
25 0
26 0
27 0
28 0
29 0
30 0
31 0
32 0
33 0
34 0
35 0
36 0
37 0
38 0
39 0
40 0
41 0
42 0
43 0
44 0
45 0
46 0
47 0
48 0
49 0
50 0
51 0
52 0
53 0
54 0
55 0
56 0
57 0
58 0
59 0
60 0
61 0
62 0
63 0
64 0
65 0
66 0
67 0
68 0
69 0
70 0
71 0
72 0
73 0
74 0
75 0
76 0
77 0
78 0
0 79
0 80
0 81
0 82
0 83
0 84
0 85
0 86
0 87
0 88
0 89
0 90
0 91
0 92
0 93
0 94
0 95
0 96
0 97
0 98
0 99
0 100
0 101
0 102
0 103
0 104
0 105
0 106
0 107
0 108
0 109
0 110
0 111
0 112
0 113
0 114
0 115
0 116
0 117
0 118
0 119
0 120
0 121
0 122
0 123
0 124
0 125
0 126
0 127
0 128
0 129
0 130
0 131
0 132
0 133
0 134
0 135
0 136
0 137
0 138
0 139
0 140
0 141
0 142
0 143
0 144
0 145
0 146
0 147
0 148
0 149
0 150
0 151
0 152
0 153
0 154
0 155
0 156
0 157
0 158
0 159
0 160
0 161
0 162
0 163
0 164
0 165
0 166
0 167
0 168
0 169
0 170
0 171
0 172
0 173
0 174
0 175
0 176
0 177
0 178
0 179
0 180
0 181
0 182
0 183
0 184
0 185
0 186
0 187
0 188
0 189
0 190
0 191
0 192
0 193
0 194
0 195
0 196
0 197
0 198
0 199
0 200
0 201
0 202
0 203
0 204
0 205
0 206
0 207
0 208
0 209
0 210
0 211
0 212
0 213
0 214
0 215
0 216
0 217
0 218
0 219
0 220
0 221
0 222
0 223
0 224
0 225
0 226
0 227
0 228
0 229
0 230
0 231
0 232
0 233
0 234
0 235
0 236
0 237
0 238
0 239
0 240
0 241
0 242
0 243
0 244
0 245
0 246
0 247
0 248
0 249
0 250
0 251
0 252
0 253
0 254
0 255
0 256
0 257
0 258
0 259
0 260
0 261
0 262
0 263
0 264
0 265
0 266
0 267
0 268
0 269
0 270
0 271
0 272
0 273
1 4
1 5
1 6
1 9
1 11
1 145
1 180
1 190
1 214
1 229
2 3
3 52
3 223
4 5
4 6
4 9
4 190
4 214
4 229
5 6
5 9
5 11
5 180
5 190
5 229
5 240
6 8
6 9
6 180
6 190
6 229
7 12
7 45
7 54
7 74
7 89
7 120
7 142
7 146
7 155
7 161
7 164
7 186
7 194
7 205
7 208
7 215
7 217
7 221
7 241
8 14
8 237
8 240
9 180
9 190
9 214
9 229
10 121
10 150
10 212
10 231
11 180
11 209
12 16
12 54
12 62
12 66
12 74
12 89
12 90
12 101
12 105
12 112
12 113
12 120
12 136
12 155
12 157
12 161
12 164
12 186
12 187
12 192
12 205
12 210
12 215
12 216
12 217
12 232
12 234
12 258
12 259
12 260
12 261
12 269
13 17
13 31
13 37
13 39
13 76
13 77
13 95
13 98
13 106
13 220
13 245
13 246
13 252
13 254
13 273
14 16
14 62
14 82
14 105
14 112
14 113
14 114
14 137
14 157
14 160
14 192
14 196
14 210
14 216
14 235
14 240
14 259
14 260
14 269
15 22
15 23
15 24
15 25
15 28
15 29
15 30
15 32
15 37
15 39
15 40
15 55
15 60
15 71
15 72
15 76
15 77
15 78
15 91
15 96
15 98
15 99
15 100
15 102
15 103
15 106
15 107
15 109
15 110
15 118
15 122
15 125
15 126
15 127
15 128
15 134
15 149
15 151
15 153
15 159
15 170
15 179
15 181
15 184
15 185
15 191
15 203
15 207
15 220
15 230
15 242
15 245
15 246
15 247
15 248
15 249
15 250
15 251
15 252
15 253
15 254
15 257
15 268
16 62
16 89
16 97
16 105
16 112
16 113
16 114
16 155
16 160
16 164
16 194
16 196
16 205
16 210
16 215
16 216
16 217
16 232
16 235
16 259
16 260
16 269
17 20
17 21
17 24
17 27
17 28
17 31
17 34
17 35
17 37
17 41
17 49
17 51
17 69
17 70
17 76
17 77
17 80
17 91
17 95
17 96
17 98
17 102
17 106
17 109
17 110
17 116
17 123
17 130
17 132
17 134
17 139
17 179
17 213
17 222
17 244
17 245
17 246
17 247
17 249
17 254
17 267
17 273
18 20
18 21
18 23
18 27
18 28
18 30
18 31
18 32
18 34
18 40
18 46
18 51
18 69
18 70
18 95
18 116
18 117
18 123
18 129
18 130
18 139
18 170
18 213
18 222
18 242
18 244
18 245
18 246
18 249
18 253
18 255
18 266
18 267
19 66
19 101
19 186
19 232
20 23
20 27
20 28
20 30
20 31
20 43
20 44
20 68
20 69
20 70
20 94
20 95
20 122
20 123
20 125
20 130
20 178
20 220
20 222
20 242
20 244
20 245
20 246
20 249
20 255
20 266
20 268
21 24
21 25
21 27
21 28
21 29
21 30
21 31
21 32
21 34
21 35
21 37
21 38
21 46
21 48
21 51
21 60
21 61
21 68
21 69
21 70
21 76
21 77
21 78
21 80
21 85
21 91
21 95
21 96
21 98
21 99
21 100
21 102
21 106
21 109
21 110
21 116
21 117
21 122
21 123
21 124
21 126
21 127
21 130
21 132
21 133
21 138
21 139
21 149
21 151
21 154
21 158
21 178
21 179
21 181
21 182
21 185
21 207
21 213
21 220
21 222
21 244
21 245
21 246
21 247
21 248
21 249
21 251
21 252
21 253
21 254
21 255
21 257
21 266
21 267
21 268
22 32
22 35
22 77
22 95
22 130
22 132
22 151
22 185
22 213
22 254
22 268
23 28
23 30
23 31
23 32
23 39
23 40
23 44
23 46
23 51
23 53
23 55
23 57
23 58
23 71
23 76
23 77
23 78
23 95
23 96
23 98
23 99
23 102
23 106
23 107
23 109
23 116
23 123
23 125
23 127
23 129
23 130
23 170
23 179
23 203
23 213
23 227
23 242
23 244
23 245
23 246
23 247
23 248
23 249
23 251
23 252
23 254
23 255
23 257
23 266
24 25
24 27
24 30
24 31
24 34
24 35
24 37
24 49
24 51
24 68
24 69
24 70
24 71
24 76
24 77
24 85
24 91
24 96
24 98
24 99
24 102
24 123
24 130
24 132
24 139
24 153
24 158
24 213
24 242
24 244
24 245
24 246
24 247
24 248
24 249
24 251
24 254
24 255
24 267
25 31
25 55
25 68
25 72
25 91
25 102
25 106
25 122
25 127
25 130
25 222
25 242
25 253
26 29
26 58
26 94
26 96
26 115
26 118
26 122
26 170
26 245
26 246
27 28
27 29
27 30
27 31
27 32
27 34
27 35
27 39
27 43
27 48
27 51
27 60
27 69
27 70
27 75
27 76
27 78
27 85
27 95
27 96
27 98
27 106
27 109
27 110
27 116
27 117
27 122
27 123
27 124
27 125
27 127
27 130
27 132
27 139
27 149
27 151
27 158
27 178
27 179
27 181
27 182
27 185
27 203
27 213
27 220
27 222
27 227
27 243
27 244
27 245
27 247
27 249
27 250
27 251
27 253
27 254
27 255
27 266
27 267
27 268
28 29
28 31
28 32
28 34
28 35
28 39
28 44
28 48
28 60
28 68
28 69
28 70
28 75
28 76
28 77
28 78
28 79
28 85
28 96
28 98
28 102
28 108
28 109
28 110
28 116
28 122
28 123
28 126
28 139
28 149
28 159
28 179
28 182
28 185
28 203
28 220
28 222
28 227
28 244
28 245
28 246
28 247
28 248
28 249
28 251
28 253
28 266
28 267
28 268
28 273
29 31
29 32
29 34
29 37
29 39
29 40
29 48
29 70
29 75
29 77
29 78
29 91
29 95
29 96
29 98
29 102
29 106
29 109
29 116
29 122
29 127
29 149
29 151
29 153
29 159
29 170
29 179
29 182
29 203
29 220
29 244
29 245
29 246
29 247
29 248
29 249
29 250
29 251
29 254
29 268
30 31
30 32
30 40
30 42
30 43
30 44
30 46
30 58
30 61
30 67
30 69
30 70
30 75
30 88
30 94
30 103
30 115
30 118
30 122
30 123
30 127
30 159
30 170
30 178
30 183
30 184
30 191
30 222
30 227
30 230
30 242
30 243
30 245
30 246
30 247
30 253
30 255
30 262
30 266
31 32
31 34
31 35
31 38
31 39
31 44
31 46
31 48
31 51
31 53
31 55
31 58
31 60
31 68
31 69
31 70
31 72
31 76
31 77
31 80
31 85
31 91
31 94
31 95
31 96
31 98
31 99
31 100
31 106
31 107
31 109
31 110
31 116
31 119
31 122
31 123
31 124
31 128
31 129
31 130
31 132
31 133
31 138
31 139
31 149
31 151
31 154
31 158
31 170
31 179
31 181
31 182
31 185
31 203
31 213
31 220
31 222
31 242
31 244
31 245
31 247
31 248
31 249
31 251
31 253
31 254
31 255
31 257
31 266
31 267
32 34
32 37
32 40
32 44
32 48
32 53
32 58
32 70
32 71
32 76
32 78
32 80
32 95
32 96
32 98
32 99
32 102
32 106
32 109
32 110
32 116
32 122
32 124
32 125
32 127
32 130
32 133
32 134
32 138
32 149
32 159
32 170
32 179
32 181
32 203
32 213
32 227
32 242
32 245
32 246
32 247
32 249
32 251
32 252
32 253
32 255
32 268
32 273
33 37
33 48
33 55
33 57
33 60
33 71
33 72
33 76
33 77
33 95
33 99
33 107
33 122
33 125
33 129
33 185
33 245
34 39
34 40
34 46
34 51
34 60
34 68
34 69
34 70
34 76
34 77
34 78
34 80
34 85
34 91
34 95
34 96
34 98
34 100
34 102
34 106
34 109
34 110
34 116
34 122
34 123
34 124
34 126
34 127
34 130
34 132
34 133
34 134
34 139
34 149
34 151
34 153
34 179
34 181
34 185
34 203
34 207
34 220
34 222
34 244
34 245
34 246
34 247
34 248
34 249
34 251
34 252
34 254
34 257
34 267
34 268
35 37
35 38
35 39
35 48
35 69
35 76
35 77
35 80
35 85
35 91
35 95
35 98
35 99
35 100
35 106
35 116
35 122
35 123
35 124
35 128
35 132
35 139
35 149
35 151
35 154
35 179
35 185
35 213
35 220
35 244
35 247
35 249
35 250
35 257
35 267
36 37
36 39
36 42
36 44
36 46
36 57
36 58
36 68
36 95
36 99
36 107
36 117
36 124
36 126
36 128
36 129
36 134
36 153
36 156
36 178
36 191
36 220
36 227
36 245
36 246
36 250
36 253
36 255
36 266
36 268
36 271
37 39
37 48
37 68
37 70
37 71
37 72
37 76
37 77
37 78
37 80
37 85
37 91
37 95
37 96
37 98
37 99
37 106
37 109
37 116
37 122
37 123
37 124
37 126
37 127
37 134
37 138
37 139
37 149
37 151
37 159
37 181
37 213
37 220
37 242
37 244
37 247
37 248
37 249
37 250
37 254
37 257
37 267
38 48
38 51
38 69
38 70
38 71
38 76
38 77
38 85
38 91
38 95
38 96
38 98
38 99
38 100
38 119
38 123
38 124
38 128
38 130
38 132
38 133
38 139
38 149
38 153
38 154
38 158
38 202
38 213
38 244
38 255
38 266
39 48
39 51
39 53
39 55
39 56
39 60
39 68
39 70
39 72
39 76
39 77
39 78
39 80
39 85
39 91
39 95
39 98
39 99
39 100
39 102
39 106
39 109
39 110
39 116
39 122
39 124
39 126
39 128
39 132
39 134
39 139
39 149
39 151
39 153
39 159
39 179
39 181
39 182
39 185
39 203
39 207
39 213
39 220
39 227
39 244
39 245
39 246
39 247
39 248
39 250
39 251
39 252
39 254
39 268
40 43
40 55
40 72
40 76
40 77
40 78
40 94
40 98
40 115
40 117
40 118
40 122
40 125
40 126
40 129
40 139
40 151
40 156
40 159
40 170
40 184
40 191
40 197
40 230
40 242
40 245
40 246
40 253
40 255
40 271
41 49
41 67
41 75
41 116
41 179
41 243
41 256
42 43
42 44
42 46
42 88
42 94
42 95
42 96
42 119
42 122
42 125
42 178
42 183
42 185
42 200
42 227
42 242
42 246
42 249
42 253
42 255
42 263
42 271
43 44
43 46
43 58
43 70
43 71
43 95
43 107
43 118
43 122
43 123
43 125
43 127
43 170
43 178
43 227
43 242
43 245
43 249
43 253
43 255
43 266
43 271
44 95
44 109
44 123
44 125
44 128
44 200
44 202
44 220
44 227
44 242
44 245
44 246
44 250
44 253
44 263
44 266
44 268
44 271
45 54
45 66
45 74
45 86
45 89
45 105
45 120
45 161
45 163
45 164
45 186
45 187
45 194
45 205
45 215
45 221
45 233
45 234
45 258
45 272
46 51
46 69
46 70
46 95
46 107
46 116
46 122
46 123
46 127
46 139
46 170
46 178
46 183
46 222
46 227
46 242
46 244
46 245
46 246
46 247
46 249
46 253
46 255
46 266
46 271
47 179
47 248
47 257
47 268
48 53
48 55
48 56
48 57
48 58
48 60
48 68
48 72
48 76
48 77
48 80
48 85
48 91
48 95
48 96
48 98
48 99
48 100
48 106
48 107
48 122
48 123
48 124
48 126
48 127
48 128
48 129
48 132
48 138
48 139
48 149
48 151
48 154
48 170
48 179
48 181
48 185
48 213
48 220
48 242
48 245
48 247
48 248
48 249
48 250
48 253
48 254
48 257
48 268
49 50
49 67
49 75
49 79
49 131
49 256
50 123
50 139
50 222
50 255
50 256
51 53
51 60
51 68
51 69
51 70
51 76
51 77
51 96
51 98
51 99
51 106
51 109
51 116
51 123
51 130
51 132
51 133
51 134
51 139
51 151
51 179
51 182
51 213
51 220
51 222
51 244
51 247
51 248
51 249
51 255
51 267
51 268
52 223
53 57
53 60
53 68
53 69
53 70
53 76
53 80
53 91
53 95
53 96
53 98
53 99
53 100
53 106
53 107
53 117
53 119
53 122
53 123
53 125
53 129
53 130
53 132
53 133
53 139
53 149
53 153
53 154
53 158
53 181
53 182
53 202
53 220
53 248
53 255
54 66
54 74
54 86
54 89
54 90
54 101
54 105
54 113
54 114
54 120
54 136
54 142
54 155
54 161
54 163
54 164
54 171
54 186
54 187
54 192
54 194
54 205
54 208
54 210
54 215
54 217
54 221
54 234
54 236
54 258
54 259
54 260
54 261
54 264
54 272
55 69
55 70
55 72
55 91
55 98
55 102
55 106
55 109
55 123
55 159
55 170
55 185
55 242
55 245
55 246
55 247
55 249
55 251
55 253
56 77
56 85
56 129
56 149
56 170
56 181
56 185
56 220
56 254
57 107
57 119
57 124
57 154
57 202
58 60
58 71
58 76
58 80
58 85
58 95
58 98
58 99
58 100
58 106
58 107
58 118
58 122
58 124
58 125
58 127
58 129
58 132
58 133
58 138
58 139
58 153
58 154
58 213
58 242
58 253
58 266
58 268
59 93
59 166
59 204
59 239
60 68
60 69
60 70
60 76
60 77
60 79
60 80
60 95
60 96
60 98
60 99
60 100
60 102
60 106
60 109
60 122
60 123
60 124
60 126
60 127
60 132
60 134
60 138
60 151
60 153
60 154
60 159
60 179
60 181
60 182
60 185
60 207
60 244
60 247
60 248
60 249
60 251
60 254
60 256
60 266
60 268
61 88
61 94
61 118
61 130
61 242
61 253
61 271
62 86
62 105
62 112
62 113
62 114
62 120
62 155
62 157
62 160
62 164
62 171
62 186
62 187
62 192
62 196
62 205
62 208
62 216
62 235
62 236
62 260
62 269
63 64
63 93
63 174
63 199
63 238
63 239
64 93
64 199
64 238
65 83
65 87
65 143
66 74
66 86
66 89
66 90
66 101
66 105
66 113
66 114
66 120
66 136
66 142
66 155
66 157
66 160
66 161
66 164
66 171
66 186
66 187
66 192
66 194
66 205
66 208
66 210
66 215
66 217
66 234
66 236
66 261
66 269
66 272
67 75
67 79
67 88
67 96
67 242
67 256
68 69
68 70
68 76
68 77
68 80
68 85
68 91
68 95
68 96
68 98
68 99
68 100
68 102
68 106
68 109
68 110
68 116
68 123
68 126
68 130
68 131
68 132
68 133
68 134
68 149
68 151
68 178
68 179
68 181
68 185
68 203
68 213
68 220
68 244
68 245
68 246
68 247
68 248
68 249
68 250
68 251
68 252
68 267
68 268
68 271
69 70
69 75
69 76
69 85
69 91
69 95
69 96
69 99
69 102
69 109
69 110
69 116
69 122
69 123
69 124
69 126
69 130
69 132
69 133
69 139
69 149
69 159
69 178
69 220
69 222
69 242
69 244
69 246
69 247
69 248
69 249
69 251
69 252
69 255
69 266
69 267
69 268
70 71
70 75
70 76
70 96
70 99
70 102
70 106
70 109
70 110
70 116
70 122
70 123
70 126
70 128
70 130
70 132
70 133
70 139
70 149
70 151
70 158
70 170
70 178
70 203
70 213
70 220
70 222
70 227
70 242
70 244
70 247
70 248
70 249
70 251
70 253
70 254
70 255
70 266
70 267
70 268
71 72
71 77
71 78
71 91
71 95
71 98
71 99
71 106
71 122
71 126
71 127
71 132
71 149
71 153
71 178
71 213
71 245
71 248
71 249
71 266
72 76
72 80
72 85
72 91
72 95
72 99
72 106
72 119
72 122
72 125
72 126
72 127
72 132
72 138
72 185
72 203
72 243
72 245
72 246
72 249
72 251
72 266
73 143
73 219
74 89
74 90
74 97
74 101
74 114
74 120
74 142
74 155
74 161
74 164
74 171
74 173
74 186
74 187
74 194
74 205
74 208
74 210
74 215
74 217
74 232
74 234
74 258
74 260
74 261
74 264
74 272
75 79
75 88
75 94
75 96
75 98
75 122
75 131
75 179
75 225
75 242
75 243
75 253
75 256
76 77
76 78
76 80
76 85
76 91
76 95
76 96
76 98
76 99
76 100
76 102
76 106
76 109
76 116
76 119
76 122
76 123
76 124
76 125
76 126
76 127
76 128
76 130
76 132
76 133
76 134
76 149
76 151
76 153
76 154
76 156
76 158
76 159
76 179
76 181
76 182
76 185
76 203
76 207
76 220
76 242
76 244
76 245
76 246
76 247
76 248
76 250
76 251
76 252
76 257
76 266
76 268
77 78
77 80
77 85
77 91
77 95
77 98
77 99
77 100
77 106
77 107
77 109
77 116
77 122
77 123
77 126
77 127
77 128
77 129
77 132
77 149
77 151
77 159
77 181
77 182
77 203
77 207
77 213
77 220
77 248
77 249
77 251
77 252
77 254
77 257
77 267
77 268
78 85
78 91
78 95
78 96
78 98
78 99
78 100
78 102
78 106
78 109
78 122
78 125
78 126
78 127
78 134
78 151
78 153
78 156
78 159
78 179
78 181
78 182
78 185
78 203
78 207
78 242
78 244
78 246
78 247
78 248
78 250
78 251
78 253
78 254
78 257
78 268
79 96
79 131
79 179
79 256
80 85
80 91
80 95
80 96
80 98
80 99
80 106
80 109
80 116
80 122
80 123
80 124
80 127
80 128
80 132
80 133
80 134
80 138
80 139
80 149
80 154
80 179
80 181
80 182
80 185
80 213
80 220
80 244
80 245
80 248
80 249
80 250
80 251
80 253
80 257
80 262
80 266
81 109
81 122
81 127
81 179
82 86
82 97
82 105
82 112
82 113
82 157
82 196
82 210
82 216
82 260
83 87
83 143
84 205
85 91
85 95
85 96
85 98
85 99
85 106
85 109
85 122
85 123
85 124
85 126
85 127
85 128
85 132
85 138
85 139
85 149
85 151
85 154
85 179
85 181
85 182
85 185
85 203
85 207
85 213
85 220
85 244
85 248
85 249
85 267
86 89
86 90
86 101
86 113
86 120
86 136
86 155
86 157
86 164
86 171
86 173
86 186
86 187
86 192
86 205
86 208
86 210
86 215
86 216
86 232
86 241
87 143
87 219
88 94
88 115
88 117
88 118
88 170
88 191
88 242
88 245
88 253
88 262
88 271
89 90
89 101
89 105
89 113
89 120
89 136
89 142
89 155
89 157
89 160
89 161
89 163
89 164
89 171
89 175
89 186
89 187
89 192
89 194
89 205
89 208
89 215
89 217
89 221
89 232
89 233
89 234
89 241
89 258
89 259
89 261
89 264
89 269
89 272
90 101
90 120
90 136
90 155
90 161
90 164
90 171
90 173
90 186
90 187
90 192
90 205
90 208
90 215
90 217
90 232
90 234
90 236
90 261
90 272
91 95
91 96
91 98
91 99
91 100
91 106
91 107
91 109
91 116
91 122
91 123
91 124
91 125
91 127
91 129
91 130
91 132
91 134
91 139
91 149
91 151
91 153
91 156
91 159
91 179
91 181
91 185
91 213
91 220
91 242
91 244
91 245
91 247
91 248
91 249
91 251
91 252
91 254
91 255
91 257
91 266
91 267
92 93
92 140
93 121
93 135
93 140
93 143
93 152
93 166
93 174
93 189
93 199
93 204
93 211
93 238
93 239
94 115
94 117
94 118
94 122
94 170
94 178
94 184
94 191
94 242
94 245
94 246
94 253
94 271
95 96
95 98
95 99
95 100
95 102
95 106
95 107
95 109
95 122
95 123
95 125
95 126
95 127
95 129
95 130
95 132
95 133
95 134
95 138
95 139
95 149
95 153
95 158
95 179
95 181
95 185
95 207
95 213
95 220
95 222
95 227
95 242
95 244
95 245
95 246
95 247
95 248
95 249
95 250
95 251
95 252
95 253
95 254
95 255
95 257
95 267
95 268
95 273
96 98
96 100
96 102
96 106
96 107
96 109
96 110
96 116
96 123
96 126
96 127
96 130
96 131
96 132
96 133
96 134
96 139
96 156
96 179
96 181
96 203
96 213
96 220
96 227
96 244
96 245
96 247
96 249
96 250
96 251
96 252
96 256
96 267
96 268
97 105
97 157
97 161
97 163
97 164
97 186
97 210
97 216
97 221
97 233
97 234
97 258
97 264
98 99
98 100
98 102
98 106
98 107
98 108
98 109
98 110
98 116
98 122
98 123
98 124
98 126
98 127
98 130
98 132
98 133
98 134
98 139
98 149
98 151
98 156
98 159
98 170
98 179
98 181
98 185
98 203
98 207
98 220
98 242
98 244
98 245
98 246
98 247
98 248
98 249
98 250
98 251
98 252
98 254
98 257
98 268
98 273
99 100
99 106
99 109
99 122
99 124
99 125
99 127
99 132
99 138
99 139
99 149
99 151
99 154
99 178
99 181
99 182
99 207
99 213
99 220
99 245
99 248
99 249
99 250
99 251
99 252
99 253
100 102
100 106
100 109
100 116
100 119
100 122
100 123
100 124
100 126
100 132
100 133
100 134
100 138
100 149
100 151
100 154
100 179
100 220
100 244
100 245
100 247
100 248
100 249
100 250
100 251
100 252
100 257
100 262
101 105
101 120
101 136
101 155
101 157
101 164
101 171
101 186
101 187
101 192
101 205
101 208
101 215
101 217
101 232
101 234
101 261
102 106
102 109
102 110
102 116
102 122
102 127
102 134
102 159
102 179
102 181
102 185
102 207
102 220
102 227
102 242
102 244
102 245
102 246
102 247
102 248
102 249
102 250
102 251
102 257
102 267
102 268
103 118
103 122
103 170
103 184
103 246
103 253
104 238
105 112
105 113
105 155
105 160
105 163
105 164
105 186
105 196
105 205
105 208
105 210
105 215
105 216
105 217
105 221
105 232
105 233
105 235
105 236
105 258
105 259
106 109
106 110
106 116
106 119
106 122
106 123
106 124
106 125
106 126
106 127
106 128
106 130
106 132
106 134
106 149
106 151
106 153
106 154
106 159
106 179
106 181
106 182
106 203
106 207
106 213
106 220
106 227
106 242
106 244
106 245
106 246
106 247
106 248
106 249
106 250
106 251
106 252
106 253
106 257
106 268
107 117
107 119
107 122
107 125
107 127
107 129
107 132
107 154
107 156
107 178
107 179
107 185
107 202
107 220
107 242
107 245
107 246
107 253
107 255
107 266
107 271
108 115
108 122
108 170
108 249
109 110
109 116
109 122
109 126
109 127
109 134
109 149
109 151
109 153
109 156
109 168
109 179
109 181
109 185
109 202
109 203
109 207
109 220
109 227
109 244
109 245
109 246
109 247
109 248
109 249
109 251
109 252
109 253
109 254
109 257
109 268
110 116
110 122
110 123
110 127
110 130
110 134
110 139
110 170
110 182
110 213
110 220
110 222
110 244
110 245
110 247
110 249
110 250
110 251
110 253
110 254
110 255
110 266
110 267
110 268
110 273
111 112
111 113
111 114
112 113
112 114
112 155
112 160
112 164
112 171
112 186
112 196
112 205
112 208
112 216
112 260
112 269
113 114
113 120
113 155
113 157
113 160
113 161
113 164
113 171
113 186
113 187
113 192
113 194
113 196
113 205
113 208
113 210
113 215
113 216
113 217
113 221
113 235
113 260
114 155
114 157
114 160
114 161
114 164
114 171
114 187
114 205
114 210
114 216
114 217
114 221
114 234
114 235
114 260
114 269
115 117
115 118
115 122
115 170
115 191
115 242
115 245
115 253
116 122
116 123
116 126
116 127
116 130
116 134
116 139
116 149
116 151
116 159
116 179
116 181
116 203
116 207
116 213
116 244
116 246
116 247
116 248
116 249
116 251
116 252
116 254
116 255
116 257
116 267
116 268
117 119
117 122
117 127
117 129
117 139
117 168
117 170
117 191
117 202
117 222
117 242
117 245
117 253
117 255
117 266
118 122
118 127
118 159
118 170
118 184
118 191
118 242
118 253
119 122
119 123
119 127
119 129
119 130
119 132
119 153
119 154
119 158
119 202
119 242
119 245
119 253
119 254
119 255
119 266
120 136
120 155
120 157
120 160
120 161
120 164
120 171
120 173
120 186
120 187
120 192
120 194
120 205
120 208
120 210
120 215
120 217
120 221
120 234
120 236
120 269
120 272
121 150
121 212
121 228
121 231
121 240
122 124
122 125
122 126
122 127
122 128
122 129
122 132
122 138
122 149
122 151
122 153
122 154
122 156
122 159
122 167
122 168
122 170
122 178
122 179
122 182
122 183
122 184
122 185
122 191
122 203
122 207
122 220
122 227
122 230
122 242
122 243
122 244
122 245
122 246
122 248
122 249
122 251
122 252
122 253
122 254
122 255
122 262
122 268
123 124
123 126
123 130
123 132
123 133
123 138
123 139
123 149
123 158
123 179
123 213
123 222
123 242
123 244
123 245
123 247
123 248
123 249
123 251
123 253
123 255
123 266
123 267
124 125
124 126
124 128
124 138
124 149
124 151
124 153
124 154
124 203
124 213
124 245
124 248
124 249
124 250
124 251
124 252
124 253
124 268
125 126
125 127
125 138
125 151
125 154
125 170
125 178
125 185
125 207
125 245
125 249
125 253
125 257
125 266
126 127
126 132
126 138
126 151
126 153
126 154
126 159
126 179
126 181
126 202
126 203
126 207
126 220
126 244
126 247
126 249
126 250
126 251
126 253
126 254
126 268
127 128
127 132
127 133
127 134
127 138
127 149
127 151
127 153
127 156
127 159
127 167
127 168
127 170
127 179
127 181
127 182
127 191
127 202
127 207
127 220
127 227
127 230
127 242
127 244
127 245
127 246
127 248
127 249
127 253
127 254
127 257
127 262
127 268
128 132
128 138
128 149
128 151
128 153
128 154
128 156
128 191
128 203
128 220
128 248
128 249
128 250
128 251
128 268
129 139
129 153
129 154
129 185
129 191
129 202
129 220
129 222
129 245
129 246
129 251
129 254
129 255
130 132
130 133
130 138
130 139
130 149
130 213
130 222
130 244
130 245
130 247
130 249
130 251
130 252
130 253
130 255
130 262
130 266
130 267
130 271
131 243
131 256
132 133
132 134
132 138
132 139
132 149
132 151
132 153
132 154
132 156
132 158
132 181
132 182
132 202
132 203
132 213
132 220
132 244
132 247
132 249
132 252
133 138
133 139
133 149
133 158
133 213
133 247
133 249
133 251
133 252
133 266
133 267
134 151
134 153
134 179
134 181
134 182
134 207
134 220
134 247
134 250
134 251
134 252
134 254
134 257
134 266
134 268
134 273
135 199
135 238
136 157
136 164
136 187
136 192
136 215
136 237
136 264
137 145
137 175
137 190
138 149
138 153
138 154
138 156
138 159
138 185
138 191
138 213
138 242
138 250
138 251
138 253
138 267
138 268
139 149
139 184
139 185
139 213
139 222
139 242
139 244
139 245
139 247
139 249
139 251
139 253
139 254
139 255
139 262
139 266
139 267
140 189
140 199
140 238
141 162
141 172
142 161
142 164
142 186
142 205
142 208
142 215
142 217
143 206
143 219
144 188
144 190
144 224
145 190
145 209
146 186
146 208
146 217
149 153
149 154
149 179
149 181
149 185
149 203
149 213
149 244
149 245
149 247
149 249
149 250
149 251
149 267
150 212
150 228
150 231
151 153
151 156
151 159
151 170
151 178
151 181
151 182
151 203
151 207
151 220
151 244
151 247
151 248
151 249
151 250
151 251
151 252
151 254
151 268
152 174
152 189
152 199
152 211
152 238
153 159
153 179
153 181
153 182
153 185
153 203
153 207
153 220
153 248
153 249
153 252
153 268
154 158
154 202
154 249
154 266
155 157
155 160
155 161
155 164
155 171
155 186
155 187
155 192
155 194
155 205
155 208
155 215
155 216
155 217
155 221
155 233
155 234
155 235
155 258
155 260
155 269
156 170
156 179
156 181
156 191
156 220
156 227
156 248
156 254
156 271
157 160
157 164
157 171
157 173
157 186
157 187
157 192
157 205
157 208
157 210
157 216
157 217
157 237
157 241
157 264
157 269
158 247
158 262
158 266
159 170
159 179
159 181
159 182
159 184
159 191
159 197
159 207
159 220
159 230
159 242
159 248
159 250
159 253
159 254
159 268
160 164
160 171
160 196
160 205
160 208
160 216
160 235
160 269
161 164
161 171
161 186
161 187
161 194
161 205
161 208
161 215
161 217
161 221
161 232
161 234
161 258
161 261
161 264
161 272
162 172
162 175
163 174
163 186
163 205
163 210
163 217
163 233
163 258
163 259
164 171
164 175
164 186
164 187
164 192
164 194
164 205
164 208
164 210
164 215
164 217
164 221
164 234
164 258
164 259
164 260
164 264
164 269
164 272
165 176
165 177
165 198
166 204
166 239
167 168
167 191
168 191
168 202
168 230
168 253
168 257
169 179
170 178
170 191
170 197
170 207
170 227
170 230
170 242
170 253
170 267
170 271
171 173
171 186
171 187
171 192
171 196
171 205
171 215
171 216
171 217
171 260
171 269
172 240
173 186
173 210
173 234
173 241
173 258
173 261
173 264
174 199
175 194
175 208
175 215
175 217
175 221
176 177
176 198
177 198
178 202
178 213
178 227
178 242
178 245
178 249
178 253
178 254
178 255
178 266
178 271
179 181
179 182
179 203
179 207
179 220
179 227
179 244
179 245
179 246
179 247
179 248
179 249
179 251
179 252
179 254
179 257
179 268
180 190
180 214
180 240
181 203
181 207
181 220
181 244
181 245
181 246
181 248
181 249
181 251
181 252
181 254
181 257
181 268
182 203
182 207
182 220
182 245
182 247
182 248
182 249
182 250
182 251
182 254
182 268
183 200
183 242
183 253
183 262
183 263
183 271
184 191
184 230
184 242
184 253
185 202
185 213
185 220
185 245
185 247
185 248
185 249
185 254
185 255
185 257
185 268
186 187
186 192
186 194
186 196
186 205
186 208
186 210
186 215
186 217
186 221
186 232
186 233
186 234
186 236
186 241
186 258
186 259
186 260
186 261
186 264
186 269
186 272
187 192
187 194
187 205
187 215
187 217
187 221
187 234
187 236
188 190
188 224
189 199
189 211
189 238
190 193
190 205
190 224
190 229
190 237
191 202
191 230
191 242
191 245
191 246
191 253
191 271
192 196
192 205
192 208
192 215
192 216
192 217
192 232
192 234
192 237
192 264
192 269
193 237
194 205
194 208
194 215
194 217
194 218
194 221
194 233
194 234
194 258
195 242
195 243
196 216
196 235
196 260
196 269
197 253
199 204
199 238
200 253
200 263
200 271
202 230
202 244
202 245
202 255
202 266
203 220
203 244
203 245
203 246
203 248
203 249
203 251
203 252
203 254
203 257
203 273
204 239
205 208
205 210
205 215
205 217
205 221
205 232
205 233
205 234
205 236
205 258
205 259
205 260
205 261
205 269
205 272
207 220
207 244
207 248
207 250
207 251
207 257
208 215
208 217
208 234
208 236
208 259
208 260
208 261
208 264
208 269
208 272
210 216
210 221
210 232
210 233
210 234
210 258
210 259
210 260
210 261
210 264
212 228
212 231
213 222
213 242
213 244
213 245
213 247
213 248
213 249
213 253
213 255
213 266
213 267
214 229
215 217
215 221
215 233
215 234
215 241
215 269
216 235
216 260
216 269
217 221
217 232
217 234
217 241
217 258
217 259
217 260
217 261
217 264
217 272
218 221
218 232
218 236
218 259
220 244
220 247
220 248
220 249
220 250
220 251
220 254
220 268
221 232
221 233
221 236
221 241
221 258
221 272
222 244
222 246
222 247
222 253
222 255
222 256
222 266
222 267
225 242
225 243
227 244
227 245
227 246
227 252
227 253
227 271
228 231
230 253
232 234
232 258
232 261
232 264
233 258
233 259
234 258
234 259
234 261
234 264
234 269
234 272
235 269
236 258
236 264
241 258
242 243
242 245
242 247
242 248
242 253
242 255
242 262
242 266
242 271
243 248
243 253
243 254
244 245
244 246
244 247
244 248
244 249
244 251
244 252
244 254
244 255
244 267
244 268
245 246
245 247
245 248
245 249
245 251
245 252
245 253
245 254
245 255
245 257
245 268
245 271
246 247
246 248
246 252
246 253
246 254
246 255
247 248
247 249
247 251
247 252
247 254
247 255
247 266
247 267
247 268
248 249
248 250
248 251
248 252
248 253
248 254
248 257
248 267
248 268
249 250
249 251
249 253
249 254
249 255
249 266
249 267
249 268
250 252
250 257
250 268
251 252
251 254
251 267
251 268
252 254
252 257
252 268
252 273
253 255
253 262
253 266
253 267
253 271
254 268
254 273
255 266
255 267
255 271
257 266
257 268
257 273
258 259
258 261
259 261
260 261
260 269
261 264
262 266
262 271
263 266
263 271
266 267
266 271
268 273